LCJ.jpg,0,L,363,1035,260,123
LCJ.jpg,1,L,375,2163,239,186
LCJ.jpg,2,L,1083,1567,205,240
LCJ.jpg,3,L,1053,2212,262,117
LCJ.jpg,4,L,1336,865,74,261
LCJ.jpg,5,L,1970,855,163,293
LCJ.jpg,6,L,1720,1923,83,278
LCJ.jpg,7,L,1666,2517,252,179
LCJ.jpg,8,L,2384,1595,224,123
LCJ.jpg,9,L,2349,2397,87,260
LCJ.jpg,10,L,2993,901,245,141
LCJ.jpg,11,L,2854,1978,161,257
LCJ.jpg,12,L,3617,1111,138,198
LCJ.jpg,13,L,3586,1779,219,120
LCJ.jpg,14,L,3274,2441,247,159
LNJ.jpg,15,L,634,536,92,257
LNJ.jpg,16,L,496,1083,220,100
LNJ.jpg,17,L,502,2254,123,260
LNJ.jpg,18,L,1103,2411,211,141
LNJ.jpg,19,L,784,1711,182,105
LNJ.jpg,20,L,1319,1366,117,224
LNJ.jpg,21,L,1785,760,83,210
LNJ.jpg,22,L,2262,626,156,168
LNJ.jpg,23,L,2058,1677,194,79
LNJ.jpg,24,L,1844,2495,243,94
LNJ.jpg,25,L,2542,2097,213,132
LNJ.jpg,26,L,2691,1437,102,219
LNJ.jpg,27,L,3179,891,193,138
LNJ.jpg,28,L,3253,1481,96,204
LNJ.jpg,29,L,3228,2149,88,255
LOJ.jpg,30,L,874,652,229,115
LOJ.jpg,31,L,1595,526,153,200
LOJ.jpg,32,L,2227,378,226,97
LOJ.jpg,33,L,3182,373,222,141
LOJ.jpg,34,L,2954,828,75,239
LOJ.jpg,35,L,2312,1002,229,111
LOJ.jpg,36,L,1213,1323,278,132
LOJ.jpg,37,L,372,928,140,230
LOJ.jpg,38,L,1079,2325,189,207
LOJ.jpg,39,L,1617,2591,140,290
LOJ.jpg,40,L,2035,1735,254,147
LOJ.jpg,41,L,2782,1543,205,233
LOJ.jpg,42,L,3257,1282,151,207
LOJ.jpg,43,L,3241,2109,169,180
LOJ.jpg,44,L,2405,2379,258,100